0000,0002
0010,0003
0100,0010
0101,0011
0103,0012
0105,0021
0106,0013
0107,0016
0108,0014
0109,0025
0111,0015
0113,0022
0115,0023
0117,0019
0119,0020
0121,0024
0123,0017
0125,0018
0127,0040
0129,0026
0131,0033
0133,0037
0135,0035
0137,0038
0139,0036
0141,0031
0143,0039
0145,0030
0147,0028
0149,0029
0151,0027
0153,0034
0155,0032
0200,2510
0201,2511
0202,2522
0203,2514
0204,2516
0205,2520
0206,2517
0207,2512
0208,2515
0209,2518
0210,2519
0211,2521
0212,2513
0400,2360
0401,2361
0402,2361
0403,2363
0404,2364
0405,2371
0406,2369
0407,2370
0408,2366
0409,2365
0410,2367
0411,2373
0412,2362
0413,2368
0415,2372
0600,2310
0601,2311
0602,2311
0603,2313
0604,2312
0605,2316
0606,2317
0607,2315
0608,2314
0609,2318
0800,2460
0801,2461
0802,2461
0803,2464
0804,2462
0805,2463
0806,2466
0807,2465
0808,2468
1000,2610
1001,2611
1002,2612
1004,2613
1005,2619
1006,2618
1007,2616
1008,2615
1009,2617
1010,2614
1011,2620
1100,2760
1101,2761
1102,2761
1103,2768
1104,2763
1105,2762
1106,2764
1107,2767
1108,2766
1109,2769
1110,2765
1200,3160
1201,3161
1202,3162
1203,3163
1204,3166
1205,3164
1206,3167
1207,3168
1208,3165
1400,2710
1401,2711
1402,2722
1403,2720
1404,2719
1405,2713
1406,2718
1407,2717
1408,2716
1409,2714
1410,2712
1411,2715
1412,2721
1500,2560
1501,2561
1502,2561
1503,2569
1504,2565
1505,2568
1506,2562
1507,2563
1508,2564
1509,2566
1510,2567
1700,2660
1701,2661
1702,2661
1703,2664
1704,2669
1705,2662
1706,2667
1707,2671
1708,2665
1709,2670
1710,2666
1711,2668
1712,2663
1900,2260
1901,2261
1902,2270
1903,2269
1904,2262
1905,2268
1906,2264
1907,2266
1908,2265
1909,2267
1910,2263
2000,2410
2001,2411
2002,2411
2003,2418
2004,2413
2005,2414
2006,2417
2007,2415
2008,2421
2009,2420
2010,2419
2011,2416
2012,2412
2200,2810
2201,2811
2202,2824
2203,2813
2204,2812
2205,2819
2206,2818
2207,2821
2208,2814
2209,2816
2210,2822
2211,2820
2212,2815
2213,2823
2214,2817
2215,2825
2400,1160
2401,1161
2402,1171
2403,1169
2404,1170
2405,1167
2406,1164
2407,1166
2408,1163
2409,1162
2410,1168
2411,1165
2500,1260
2501,1261
2502,1261
2503,1262
2504,1265
2505,1270
2506,1264
2507,1266
2508,1269
2509,1267
2510,1268
2511,1271
2512,1272
2513,1273
2514,1263
2600,1210
2601,1211
2602,1220
2603,1219
2604,1213
2605,1218
2606,1212
2607,1214
2608,1216
2609,1217
2610,1215
2700,1110
2701,1111
2702,1117
2703,1112
2704,1115
2705,1114
2706,1116
2707,1113
2708,1118
2709,1119
3000,0360
3001,0361
3002,0373
3003,0366
3004,0363
3005,0371
3006,0372
3007,0364
3008,0367
3009,0369
3010,0365
3011,0370
3012,0362
3013,0368
3100,0060
3101,0061
3102,0063
3103,0062
3104,0075
3105,0064
3106,0065
3107,0066
3108,0070
3109,0068
3110,0071
3111,0072
3112,0067
3113,0069
3114,0073
3115,0076
3300,0410
3301,0411
3302,0411
3303,0412
3304,0415
3305,0413
3306,0420
3307,0416
3308,0414
3309,0419
3310,0417
3311,0418
3400,0460
3401,0461
3402,0461
3403,0463
3404,0468
3405,0465
3406,0464
3407,0466
3408,0467
3409,0462
3500,0310
3501,0311
3502,0317
3503,0315
3504,0313
3505,0314
3506,0316
3507,0312
3600,0260
3601,0261
3602,0271
3603,0265
3604,0268
3605,0266
3606,0270
3607,0267
3608,0262
3609,0269
3610,0263
3611,0264
3700,1310
3701,1311
3702,1311
3703,1312
3704,1315
3705,1314
3706,1317
3707,1313
3708,1318
3709,1316
3800,1360
3801,1361
3802,1387
3803,1363
3804,1362
3805,1388
3806,1383
3807,1384
3808,1378
3809,1372
3810,1375
3811,1373
3812,1376
3813,1377
3814,1367
3815,1385
3816,1374
3817,1382
3818,1371
3819,1369
3820,1368
3821,1381
3822,1386
3823,1380
3824,1364
3825,1379
3826,1366
3827,1365
3828,1370
4000,1410
4001,1411
4002,1430
4003,1429
4004,1424
4005,1428
4006,1427
4007,1423
4008,1421
4009,1473
4010,1426
4011,1414
4012,1422
4013,1425
4014,1413
4015,1412
4016,1419
4017,1420
4018,1418
4019,1415
4020,1417
4021,1416
4200,1460
4201,1461
4202,1461
4203,1470
4204,1465
4205,1464
4206,1462
4207,1466
4208,1467
4209,1468
4210,1463
4211,1469
4212,1471
4213,1472
4400,1510
4401,1511
4402,1518
4403,1512
4404,1513
4405,1514
4406,1515
4407,1517
4408,1516
4500,1560
4501,1561
4502,1561
4503,1565
4504,1563
4505,1564
4506,1568
4507,1566
4508,1567
4509,1562
4510,1569
4511,1519
4600,1610
4601,1611
4602,1620
4603,1614
4604,1613
4605,1612
4606,1618
4607,1619
4608,1615
4609,1617
4610,1616
4800,0160
4801,0161
4802,0167
4803,0163
4804,0164
4805,0165
4806,0166
4807,0162
4808,0168
4900,1960
4901,1961
4902,1978
4903,1962
4904,1967
4905,1963
4906,1974
4907,1971
4908,1966
4909,1964
4910,1979
4911,1973
4912,1968
4913,1972
4914,1965
4915,1975
4916,1976
4917,1977
4918,1969
4919,1970
5100,2110
5101,2111
5102,2111
5103,2122
5104,2112
5105,2113
5106,2124
5107,2114
5108,2123
5109,2115
5110,2116
5111,2117
5112,2119
5113,2118
5114,2120
5115,2121
5200,2010
5201,2011
5202,2022
5203,2013
5204,2021
5205,2012
5206,2014
5207,2018
5208,2015
5209,2017
5210,2016
5211,2020
5212,2019
5400,2160
5401,2161
5402,2170
5403,2162
5404,2164
5405,2163
5406,2166
5407,2168
5408,2169
5409,2165
5410,2167
5600,2060
5601,2061
5602,2068
5603,2062
5604,2067
5605,2065
5606,2063
5607,2066
5608,2064
5609,2069
5800,2210
5801,2211
5802,2211
5803,2212
5804,2213
5805,2214
5806,2215
5807,2216
5808,2217
6000,1660
6001,1661
6002,1661
6003,1665
6004,1663
6005,1666
6006,1667
6007,1669
6008,1670
6009,1668
6010,1662
6011,1664
6200,3010
6201,3011
6202,3011
6203,3012
6204,3016
6205,3013
6206,3015
6207,3018
6208,3017
6209,3014
6210,3019
6400,2910
6401,2911
6402,2911
6403,2915
6404,2923
6405,2922
6406,2914
6407,2917
6408,2920
6409,2921
6410,2912
6411,2913
6412,2924
6413,2919
6414,2918
6415,2916
6416,2925
6417,2926
6418,2911
6600,2960
6601,2961
6602,2974
6603,2971
6604,2965
6605,2970
6606,2969
6607,2973
6608,2962
6609,2963
6610,2968
6611,2972
6612,2967
6613,2964
6614,2966
6615,2975
6616,2976
6700,3060
6701,3061
6702,3061
6703,3065
6704,3063
6705,3062
6706,3066
6707,3064
6708,3067
6709,3068
6800,2860
6801,2861
6802,2861
6803,2864
6804,2871
6805,2869
6806,2867
6807,2868
6808,2870
6809,2866
6810,2865
6811,2862
6812,2863
6813,2872
7000,1860
7001,1861
7002,1866
7003,1864
7004,1863
7005,1868
7006,1865
7007,1862
7008,1867
7009,1869
7010,1861
7011,1861
7200,1910
7201,1911
7202,1911
7203,1912
7204,1913
7205,1915
7206,1914
7207,1919
7208,1916
7209,1917
7210,1918
7400,1810
7401,1811
7402,1818
7403,1812
7404,1814
7405,1813
7406,1815
7407,1816
7408,1817
7500,1760
7501,1761
7502,1770
7503,1766
7504,1763
7505,1768
7506,1762
7507,1764
7508,1771
7509,1772
7510,1765
7511,1767
7512,1769
7700,1710
7701,1711
7702,1711
7703,1714
7704,1715
7705,1712
7706,1716
7707,1713
7708,1717
7709,1718
7900,0110
7901,0111
7902,0133
7903,0129
7904,0112
7905,0113
7906,0114
7907,0115
7908,0130
7909,0116
7910,0131
7911,0117
7912,0118
7913,0132
7914,0121
7915,0122
7916,0135
7917,0120
7918,0119
7919,0123
7920,0134
7921,0127
7922,0124
7923,0126
7924,0125
7925,0128
8000,0510
8001,0511
8002,0511
8003,0524
8004,0522
8005,0523
8006,0521
8007,0520
8008,0517
8009,0516
8010,0514
8011,0515
8012,0512
8013,0513
8014,0519
8015,0518
8200,0560
8201,0561
8202,0562
8203,0563
8204,0570
8205,0566
8206,0565
8207,0567
8208,0564
8209,0569
8210,0568
8211,0571
8300,0610
8301,0611
8302,0611
8303,0612
8304,0614
8305,0613
8306,0617
8307,0618
8308,0615
8309,0616
8310,0619
8400,1010
8401,1011
8402,1011
8403,1013
8404,1012
8405,1018
8406,1017
8407,1015
8408,1014
8409,1016
8600,0710
8601,0711
8602,0719
8603,0713
8604,0717
8605,0715
8606,0718
8607,0714
8608,0712
8609,0716
8700,0660
8701,0661
8702,0672
8703,0662
8704,0670
8705,0666
8706,0664
8707,0665
8708,0669
8709,0671
8710,0667
8711,0668
8712,0663
8713,0673
8900,0760
8901,0761
8902,0772
8903,0767
8904,0771
8905,0769
8906,0768
8907,0764
8908,0763
8909,0762
8910,0765
8911,0770
8912,0766
9100,0810
9101,0811
9102,0811
9103,0819
9104,0813
9105,0820
9106,0818
9107,0870
9108,0814
9109,0817
9110,0815
9111,0812
9112,0821
9113,0816
9114,0823
9115,0824
9116,0811
9200,0860
9201,0861
9202,0863
9203,0864
9204,0869
9205,0867
9206,0862
9207,0866
9208,0865
9209,0868
9210,0871
9300,3110
9301,3111
9302,3111
9303,3114
9304,3112
9305,3117
9306,3116
9307,3115
9308,3113
9400,1060
9401,1061
9402,1061
9403,1062
9404,1064
9405,1068
9406,1063
9407,1066
9408,1065
9409,1069
9410,1067
9411,1070
9412,1061
9500,0910
9501,0911
9502,0911
9503,0915
9504,0917
9505,0913
9506,0914
9507,0912
9508,0916
9600,0960
9601,0961
9602,0961
9603,0962
9604,0967
9605,0966
9606,0968
9607,0963
9608,0964
9609,0965
9610,0969